"N_bikes" "temperature" "feels_like" "humidity" "wind_speed" "holiday" "weekend" "season"
"1" 17199 11.125 9.75 76.5833333333333 28.1875 0 0 3
"2" 21171 3.97916666666667 0.1875 77.0833333333333 17.4791666666667 0 0 3
"3" 27365 11.0416666666667 9.64583333333333 64.3125 18.3958333333333 0 1 0
"4" 12864 8.8695652173913 7.02173913043478 77.695652173913 12.2608695652174 0 1 0
"5" 30053 11.6666666666667 11.3333333333333 74.7083333333333 11.1666666666667 0 0 2
"6" 26507 13.6458333333333 13.6458333333333 73.625 21.875 0 0 2
"7" 23535 7.1875 6.02083333333333 88.3958333333333 7.45833333333333 0 0 3
"8" 23800 1.5625 0.354166666666667 77.4166666666667 5.41666666666667 0 0 3
"9" 24503 15.1666666666667 15.1666666666667 87.4375 14.3333333333333 0 0 2
"10" 27191 9.58333333333333 8.4375 72.4166666666667 11.1875 0 0 0
"11" 29112 16.6041666666667 16.6041666666667 71.1458333333333 19.2708333333333 0 1 1
"12" 33820 14.5625 14.5625 53.4166666666667 23.2291666666667 0 0 0
"13" 36581 19.5416666666667 19.2083333333333 57.3541666666667 17 0 1 1
"14" 25811 14.5 14.5 78.7708333333333 18.625 0 0 2
"15" 37923 17.0416666666667 16.8958333333333 58.5416666666667 8.125 0 0 1
"16" 14970 8.14583333333333 7.20833333333333 90.7291666666667 6.52083333333333 0 1 3
"17" 16336 8.125 5.35416666666667 69.8125 27.25 0 1 2
"18" 37697 23.1875 22.9791666666667 56.125 10.1666666666667 0 0 1
"19" 22423 11.2708333333333 10.3541666666667 79.4375 18.0416666666667 1 0 3
"20" 26885 7.58333333333333 6.39583333333333 59.0833333333333 8.64583333333333 0 1 0
"21" 27941 10.0833333333333 8.54166666666667 77.2708333333333 22.1041666666667 0 0 2
"22" 38993 19.7291666666667 19.7291666666667 69.4375 11.0416666666667 0 1 1
"23" 36807 14.7708333333333 14.7708333333333 77.7291666666667 20.5625 0 0 2
"24" 30831 14.3541666666667 14.3125 77.3333333333333 11.2708333333333 0 1 0
"25" 29502 13.75 13.75 60.875 13.6041666666667 1 0 0
"26" 25672 6.20833333333333 4.64583333333333 67.0833333333333 7.9375 0 0 0
"27" 38940 18.625 18.4375 57.2083333333333 16.0833333333333 0 0 1
"28" 33109 18.1041666666667 18.1041666666667 70.1041666666667 7.33333333333333 0 0 2
"29" 33116 15.8125 15.8125 71.6458333333333 14.0833333333333 0 0 2
"30" 31141 15.4166666666667 15.4166666666667 73.6666666666667 11.3541666666667 0 1 2
"31" 6421 7 4.4375 88.4375 14.125 0 1 3
"32" 29817 13.6458333333333 13.5833333333333 72.5833333333333 11.6458333333333 0 1 2
"33" 22805 8.97916666666667 7.89583333333333 85.6666666666667 8.4375 0 0 3
"34" 16876 12.7291666666667 12.5208333333333 77.75 10.7916666666667 0 1 2
"35" 32587 13.6041666666667 13.5416666666667 63.8541666666667 13.5416666666667 0 0 1
"36" 35693 20.75 20.75 68.6666666666667 20.3125 0 0 1
"37" 28304 8.79166666666667 7.79166666666667 63.1458333333333 10.6666666666667 0 0 0
"38" 24367 10.7291666666667 9.45833333333333 62.125 14.8333333333333 0 1 0
"39" 15265 19.4166666666667 19.4166666666667 75.4166666666667 21.9166666666667 0 1 2
"40" 12428 2.16666666666667 0.0208333333333333 97.2291666666667 7.39583333333333 0 0 3
"41" 27060 6.41666666666667 4.41666666666667 70.7916666666667 12.1666666666667 0 0 0
"42" 27419 8.75 7.60416666666667 73.7291666666667 11.2291666666667 0 0 0
"43" 38528 15.7291666666667 15.7291666666667 59.4375 10.375 0 0 2
"44" 42021 19.75 19.7291666666667 61.2083333333333 14.1458333333333 0 0 1
"45" 43848 19.25 19.0625 53.9375 9.16666666666667 0 1 1
"46" 14409 9.91666666666667 8.875 84.6666666666667 21.2916666666667 0 0 3
"47" 24514 9 5.33333333333333 61.1875 30.0625 0 0 3
"48" 31614 11.0833333333333 10.375 73.7916666666667 11.3125 0 0 0
"49" 29829 15.0625 15.0625 78.3958333333333 9.5 0 0 2
"50" 17699 6.97916666666667 4.02083333333333 84.5416666666667 17.8125 0 0 3
"51" 12291 8.4375 6.9375 91.3541666666667 10.25 0 1 3
"52" 15601 9.75 7.79166666666667 79.3125 20.4791666666667 0 0 3
"53" 30579 10.4791666666667 9.8125 75.0416666666667 13.5 0 0 2
"54" 30628 15.1666666666667 15.1666666666667 67.4791666666667 9.41666666666667 0 1 0
"55" 26871 12.75 12.75 89.25 17.5833333333333 0 0 1
"56" 15641 9.1875 6.41666666666667 66.6875 29.5833333333333 0 1 0
"57" 25064 5.85416666666667 3.47916666666667 68.7083333333333 12.1875 0 0 3
"58" 27462 10.0833333333333 7.875 70.5833333333333 22.5833333333333 0 0 2
"59" 36699 13.75 13.3541666666667 56.4791666666667 11.6666666666667 0 0 0
"60" 41885 20.5 20.5 58.7291666666667 14.3541666666667 0 1 1
"61" 25431 16.2291666666667 16.2291666666667 84.8125 18.125 0 0 2
"62" 41703 17.8125 17.8125 62.4375 23.8333333333333 0 0 1
"63" 37311 16.4791666666667 16.4791666666667 68.1458333333333 15.9166666666667 0 0 1
"64" 19329 8.97916666666667 6.77083333333333 75.9166666666667 17.1666666666667 0 0 0
"65" 35172 18.75 18.75 69.5833333333333 12.2083333333333 0 0 1
"66" 63468 19.4375 19.4375 67.7083333333333 14.8958333333333 0 0 1
"67" 27137 8.52083333333333 7.89583333333333 66.5 11.1666666666667 0 0 0
"68" 34196 18.4791666666667 18.4791666666667 73.2916666666667 7.375 0 0 1
"69" 23535 11.144927536087 11.1014492752174 94.1739130434783 5.09420289856522 0 1 2
"70" 32636 13.1875 13.1666666666667 68.9375 8.5 0 1 2
"71" 30046 10.2916666666667 8.97916666666667 56.75 14.25 0 1 0
"72" 33753 15.3125 15.3125 66.5833333333333 16.7916666666667 0 0 2
"73" 28131 10 8.95833333333333 56.2083333333333 13.5833333333333 0 0 0
"74" 25734 13.3125 13.3125 81.5416666666667 14.4791666666667 0 0 3
"75" 9797 6.5 3.72916666666667 82.5 16.7291666666667 1 0 3
"76" 18653 13.75 13.75 89.6666666666667 13.4166666666667 0 0 2
"77" 20613 7.85416666666667 5.33333333333333 78.8958333333333 16 0 0 3
"78" 19142 8.02083333333333 5.22916666666667 86.8333333333333 17 0 0 0
"79" 9869 4.25 0.666666666666667 85.5625 18.4375 0 1 3
"80" 15446 7.54166666666667 5.79166666666667 77.75 10.7291666666667 0 1 2
"81" 38283 22.2291666666667 22.2291666666667 66.1666666666667 17.4375 0 1 1
"82" 22602 10.85 9.7 55.15 41.9 0 0 0
"83" 28474 13.875 13.875 73.9791666666667 27.0416666666667 0 0 2
"84" 32038 8 6.60416666666667 70.2916666666667 9.97916666666667 0 0 2
"85" 33435 15.6875 15.3958333333333 65.7083333333333 13.6666666666667 0 0 0
"86" 25252 10.6666666666667 8.83333333333333 66 27.9375 0 0 2
"87" 21789 3.66666666666667 0.0625 75.4583333333333 16.3125 0 0 3
"88" 34387 15.0416666666667 15.0416666666667 49.9375 23.2083333333333 0 0 0
"89" 37769 22.9791666666667 23 67.25 17.8541666666667 0 1 1
"90" 33968 20.125 20.125 67.75 19.75 0 1 1
"91" 35966 16.3541666666667 16.3541666666667 58.5416666666667 16.0208333333333 0 0 1
"92" 37769 18.3541666666667 18.3541666666667 54.3333333333333 21.4166666666667 0 0 1
"93" 13529 8.6875 5.75 83.5833333333333 23.0833333333333 0 1 3
"94" 23378 3.6875 1.1875 76.5833333333333 10.4583333333333 0 0 3
"95" 26488 14.6458333333333 14.6458333333333 69.3541666666667 31.0416666666667 0 0 0
"96" 33676 12.3958333333333 11.8125 72.8333333333333 8.41666666666667 0 0 2
"97" 23247 2.0625 -0.166666666666667 81.9583333333333 9.16666666666667 0 0 3
"98" 16034 15.8541666666667 15.8541666666667 75.4166666666667 11.4583333333333 0 0 1
"99" 30710 11.8958333333333 11.7083333333333 88.625 9.04166666666667 0 0 2
"100" 44678 18.804347826087 18.7826086956522 55.4782608695652 10.7391304347826 0 1 1
"101" 43573 24.7916666666667 24.625 62.1666666666667 13.5208333333333 0 0 2
"102" 38808 16.8125 16.6875 63.1041666666667 20.4166666666667 0 0 1
"103" 31292 11.2708333333333 10.9583333333333 70.0833333333333 10 0 0 2
"104" 15478 13.4375 13.4375 80.2708333333333 23.1458333333333 0 1 3
"105" 33668 16.8541666666667 16.8541666666667 65.6458333333333 14.4375 0 1 1
"106" 17841 17.2083333333333 17.2083333333333 81.5833333333333 11.5416666666667 0 1 1
"107" 44478 23.4583333333333 23.4791666666667 63.2708333333333 10.4375 0 0 2
"108" 25724 12.1875 11.8541666666667 72.375 19.7916666666667 0 0 3
"109" 23517 11.2916666666667 10.5416666666667 83.6666666666667 20.7291666666667 0 0 2
"110" 20635 6.3125 1.79166666666667 72.1875 31 0 0 0
"111" 39092 18.1666666666667 18.125 56.5208333333333 13.5625 0 0 1
"112" 12301 12.5833333333333 12.5416666666667 69.375 25.0833333333333 0 0 3
"113" 31640 17.9375 17.9375 68.5 15.0833333333333 0 0 1
"114" 26837 8.8125 8.20833333333333 66.7291666666667 6.20833333333333 0 0 0
"115" 18922 12.5 12.2916666666667 88.4375 15.5208333333333 0 0 2
"116" 20434 12.4166666666667 12.4166666666667 83.1458333333333 12.5625 0 0 2
"117" 39403 16.8541666666667 16.75 63.8541666666667 9.04166666666667 0 1 2
"118" 23259 10.0833333333333 8.875 76.0416666666667 20.375 0 0 3
"119" 21165 14.5625 14.5 80.375 21.75 0 1 0
"120" 31520 10.5 9.5625 79.3125 10.5625 0 0 0
"121" 24367 5.9375 3.10416666666667 66.2708333333333 14.3125 0 0 3
"122" 37742 23.9791666666667 24.3541666666667 66.9791666666667 8.3125 0 0 1
"123" 7195 10.5 9.39583333333333 87.0208333333333 21.6041666666667 0 1 3
"124" 30326 13.9791666666667 13.9791666666667 69.9166666666667 16.9166666666667 0 0 2
"125" 27730 16.7708333333333 16.7708333333333 73.2916666666667 22.2708333333333 0 0 1
"126" 14052 3.77083333333333 2.4375 89.9791666666667 6.0625 0 0 3
"127" 28066 14.25 14.25 74.9583333333333 18 0 0 2
"128" 23849 14.6666666666667 14.6666666666667 68.9375 15.0208333333333 0 1 0
"129" 38082 17.7083333333333 17.625 69.8125 15.6666666666667 0 0 0
"130" 30616 16.8125 16.8125 63.4166666666667 7 0 1 1
"131" 23240 18.5208333333333 18.5208333333333 75.4791666666667 21.6875 0 1 1
"132" 34706 13.375 13.0208333333333 73.9583333333333 18.2916666666667 0 0 0
"133" 20036 9.25 7.4375 81.7291666666667 16.9166666666667 0 0 3
"134" 36145 15.9375 15.9375 60.2083333333333 14.8541666666667 0 0 1
"135" 35432 17.25 17.25 74.0625 18.4166666666667 0 0 1
"136" 24416 7.02083333333333 3.5625 67.6458333333333 21.7916666666667 0 0 0
"137" 10842 4.1875 2.45833333333333 81.9166666666667 7.5 1 0 3
"138" 38911 18.0227272727273 18.0227272727273 68.5909090909091 14.0454545454545 0 0 1
"139" 37292 16.8333333333333 16.8333333333333 78.4166666666667 6.41666666666667 0 0 2
"140" 21573 6.9375 6.14583333333333 82.1875 6.22916666666667 0 1 0
"141" 38673 19.6458333333333 19.5833333333333 56.9791666666667 13.5416666666667 0 0 1
"142" 43041 20.3125 20.3125 61.7291666666667 19.5208333333333 0 1 1
"143" 19427 9.64583333333333 8.29166666666667 83.3333333333333 11.1875 0 1 0
"144" 35407 15 14.9166666666667 55.9791666666667 12.5208333333333 0 1 1
"145" 26878 13.0833333333333 12.9791666666667 71.1666666666667 12.1041666666667 0 0 0
"146" 26934 2.79166666666667 0.0416666666666667 73.5833333333333 10.75 0 0 2
"147" 14025 8.23913043478261 4.58695652173913 71 27.4130434782609 0 1 3
"148" 43819 17.4375 17.375 63.3541666666667 13.3125 0 1 0
"149" 39473 20.7916666666667 20.7916666666667 54.8333333333333 8.64583333333333 0 0 1
"150" 38684 14.125 13.9166666666667 51 14.4791666666667 0 0 0
"151" 36761 15.8333333333333 15.8333333333333 60.8958333333333 19.6666666666667 0 0 1
"152" 24111 12.9166666666667 12.9166666666667 79.9791666666667 15.2291666666667 0 0 0
"153" 25556 15.4791666666667 15.4791666666667 79.8333333333333 9.5 0 0 2
"154" 22762 2.9375 0.125 75.375 11.4375 0 0 3
"155" 30575 11.5833333333333 10.9166666666667 65.7083333333333 14.9166666666667 0 0 0
"156" 23565 6.5 2.47916666666667 67.125 25.75 0 0 3
"157" 35377 16.125 16.125 53.0625 17.5833333333333 0 0 1
"158" 40463 18.0416666666667 18.0416666666667 63.3541666666667 19.4791666666667 0 0 1
"159" 25852 8.9375 8.04166666666667 68.6875 10.8333333333333 0 0 0
"160" 11392 12.0416666666667 12.0416666666667 72.0416666666667 34.0833333333333 0 1 2
"161" 23070 13.0416666666667 13.0416666666667 79.7291666666667 9.14583333333333 0 1 2
"162" 30489 11.6875 10.8958333333333 66.9583333333333 19.625 0 0 0
"163" 38983 19.4375 19.3333333333333 69.0833333333333 13.25 0 0 1
"164" 22848 9.20833333333333 8.85416666666667 97.6875 5.20833333333333 0 1 2
"165" 31783 9.70833333333333 7.875 53.4791666666667 23.0416666666667 0 0 0
"166" 25899 12.9166666666667 12.9166666666667 76.9375 21.125 0 0 3
"167" 10250 3.41666666666667 -0.916666666666667 77.9166666666667 20.125 0 1 3
"168" 14320 7.25 4.16666666666667 75.375 18.9166666666667 0 1 3
"169" 27628 6.29166666666667 2.625 61.625 20.9375 0 0 0
"170" 13732 11.7291666666667 11.5625 73.4166666666667 15.0416666666667 1 0 3
"171" 35582 13.2083333333333 13.1041666666667 69.0625 6.47916666666667 0 0 2
"172" 20342 9.125 6.83333333333333 74.1666666666667 19.4791666666667 0 0 0
"173" 28734 14.2291666666667 14.2291666666667 76.1875 14.3333333333333 0 0 2
"174" 15761 10.6041666666667 10.125 86.1458333333333 9.27083333333333 0 0 0
"175" 9378 14.3333333333333 14.3333333333333 81.1458333333333 22 0 1 3
"176" 30393 17.4583333333333 17.4583333333333 62.6875 23.0416666666667 0 1 1
"177" 11762 2.95833333333333 0.75 80.3125 9.0625 0 1 3
"178" 31210 15.4375 15.4375 78.2708333333333 23.0208333333333 0 0 1
"179" 40696 20.3958333333333 20.3958333333333 58.3541666666667 22.3958333333333 0 0 1
"180" 30364 11.7083333333333 11 85.9166666666667 13.5625 0 0 2
"181" 18101 6.14583333333333 2.95833333333333 66.9791666666667 17.9583333333333 0 1 0
"182" 32282 12.5625 12.5416666666667 76.8333333333333 13.6666666666667 0 0 2
"183" 35353 19.8958333333333 19.8958333333333 72.2291666666667 17.7083333333333 0 0 1
"184" 24438 12.5 12.25 70.5416666666667 32.1666666666667 0 0 0
"185" 19497 8.83333333333333 4.38888888888889 63.1666666666667 41.3888888888889 0 0 3
"186" 28609 7.9375 6.16666666666667 64.1875 16.9583333333333 0 0 0
"187" 22173 6.20833333333333 2.875 78.9583333333333 19.5416666666667 0 0 3
"188" 39261 20.5416666666667 20.5416666666667 65.125 11.5416666666667 0 0 2
"189" 25385 8.58333333333333 5.70833333333333 60.4375 24.2291666666667 0 0 0
"190" 31110 16.0208333333333 16.0208333333333 75.5625 10.6458333333333 0 0 1
"191" 25186 5.20833333333333 3.14583333333333 72.625 9.0625 0 0 3
"192" 26295 16.6458333333333 16.6458333333333 74.8125 9.75 0 1 1
"193" 34318 18.3125 18.3125 64.5625 7.4375 0 0 1
"194" 37470 17.5416666666667 17.2083333333333 51.8958333333333 14.0625 0 0 0
"195" 36182 13.2708333333333 13 46.9166666666667 11.0625 0 0 0
"196" 41272 20.8125 20.8125 61.875 11.1041666666667 0 0 1
"197" 17193 6.77083333333333 3.77083333333333 76.5625 16.7708333333333 0 0 2
"198" 10053 10.8157894736842 9.5 79.6842105263158 22.5789473684211 0 1 0
"199" 24083 7.54166666666667 5.91666666666667 69.8125 9.35416666666667 0 0 0
"200" 23819 1.3125 0.958333333333333 68.5208333333333 2.77083333333333 0 0 3
"201" 23676 14.7083333333333 14.7083333333333 83.5625 13.4583333333333 0 0 2
"202" 32052 13.0416666666667 12.5416666666667 68 11.9166666666667 0 0 0
"203" 31288 16.6041666666667 16.6041666666667 63.0416666666667 12.2708333333333 0 0 1
"204" 9639 15.4791666666667 15.4791666666667 89.5416666666667 10.4375 1 0 1
"205" 21932 9.4375 8.375 79.875 9.22916666666667 0 0 2
"206" 35993 14.2708333333333 14.2708333333333 62.6875 28.7083333333333 0 0 2
"207" 25780 8.47916666666667 7.16666666666667 85.875 10.2083333333333 0 0 0
"208" 32781 14.1458333333333 14.1458333333333 73.375 8.375 0 0 2
"209" 19581 6.33333333333333 4.97916666666667 85.5 7.83333333333333 0 1 2
"210" 18986 11.5625 11.1458333333333 80.125 22.8958333333333 0 1 0
"211" 39611 19.9166666666667 19.875 63.6666666666667 17.4583333333333 0 0 1
"212" 11424 7.4375 5.04166666666667 90.9583333333333 13.3125 0 1 3
"213" 18700 7.64583333333333 4.66666666666667 85.2916666666667 18.875 0 0 2
"214" 32950 16.9583333333333 16.9583333333333 66.9375 15.8125 0 0 1
"215" 23970 6.08333333333333 3.1875 65.875 16.8541666666667 0 0 0
"216" 25132 6.39583333333333 3.72916666666667 71.2708333333333 15.1666666666667 0 0 3
"217" 29424 12.1041666666667 12.0625 83.5625 12.7916666666667 0 0 3
"218" 35991 19.6739130434783 19.5 62.3695652173913 16 0 0 1
"219" 30018 15.7916666666667 15.7916666666667 64.3125 11.4791666666667 0 1 0
"220" 38529 17.9375 17.9375 75.3541666666667 21.25 0 0 2
"221" 15267 4.66666666666667 2 78.0208333333333 13.8541666666667 0 1 3
"222" 27789 13.0208333333333 13.0208333333333 72.4791666666667 20.75 0 0 3
"223" 34774 15.375 15.375 69.1041666666667 10.4791666666667 0 0 2
"224" 27574 16.0833333333333 16.0833333333333 91.3541666666667 9.95833333333333 0 0 0
"225" 37019 20.6041666666667 20.6041666666667 55.25 15.9166666666667 0 0 1
"226" 27607 3.0625 1.625 76.625 6.83333333333333 0 0 2
"227" 24697 8.60416666666667 6.08333333333333 75.8125 21.2083333333333 0 0 3
"228" 28366 12.7916666666667 12.7916666666667 83.4791666666667 16.3125 0 0 3
"229" 22446 4 -0.291666666666667 70.0208333333333 21.4375 0 0 3
"230" 15094 5.52083333333333 2.3125 77.375 16.1666666666667 0 1 3
"231" 42439 19.2291666666667 19.2291666666667 66.2708333333333 12.2708333333333 0 0 1
"232" 39306 19.9166666666667 19.9166666666667 65.4791666666667 22.0416666666667 0 0 1
"233" 27864 12.1041666666667 11.4375 62.8333333333333 23.6458333333333 0 0 1
"234" 25788 9.0625 6.10416666666667 67.5 22.3125 0 0 2
"235" 26373 15.9375 15.9375 74.0625 19.25 0 1 0
"236" 30954 16.9583333333333 16.9583333333333 72.6875 16.375 0 1 1
"237" 16511 12.6458333333333 12.6458333333333 66.2708333333333 36.8333333333333 0 1 3
"238" 35402 19.8333333333333 19.8333333333333 68.25 17.625 0 0 1
"239" 26765 6.79166666666667 4 64.6458333333333 16.4791666666667 0 0 2
"240" 25558 14.4791666666667 14.4791666666667 81.6875 20.4583333333333 0 0 3
"241" 23580 3.91666666666667 1.45833333333333 68.6875 11.5208333333333 0 0 3
"242" 17043 7.91666666666667 6 71.9583333333333 12.7916666666667 0 1 0
"243" 31692 14.3333333333333 14.3333333333333 72.1666666666667 9.8125 0 0 2
"244" 27163 19.1428571428571 19.1428571428571 77.8809523809524 13.3571428571429 0 0 1
"245" 35691 15.4791666666667 15.4791666666667 70.4375 15.1458333333333 0 0 1
"246" 25592 8 6.47916666666667 66.1666666666667 11.9166666666667 0 0 0
"247" 27512 18.8541666666667 18.8541666666667 69.8541666666667 23.3958333333333 0 1 2
"248" 42641 27.375 27.4375 50.9791666666667 17.3125 0 0 1
"249" 10613 7.6875 4.66666666666667 85 20.4583333333333 0 1 2
"250" 44187 23.2083333333333 23.1875 62.7708333333333 12.2916666666667 0 1 1
"251" 30567 11.0625 10.125 81.7916666666667 12.5625 0 0 2
"252" 38043 17.4166666666667 17.4166666666667 71.3333333333333 11.6041666666667 0 0 2
"253" 25926 14.0277777777778 14.0277777777778 69.5 31.6666666666667 0 0 2
"254" 36445 14.4583333333333 14.4583333333333 61.9791666666667 15.6041666666667 0 0 0
"255" 33342 11.2916666666667 10.3541666666667 61.5416666666667 12.8541666666667 0 0 0
"256" 27621 9.54166666666667 8.5625 89.9583333333333 8.04166666666667 0 0 3
"257" 10745 11.1739130434783 10.0869565217391 80.8260869565217 27.9565217391304 0 1 3
"258" 25109 11.0833333333333 10.5 77.5208333333333 13.5833333333333 0 0 0
"259" 9234 2.47916666666667 0.645833333333333 94.2708333333333 7.5 0 1 3
"260" 26884 14 14 77.1458333333333 8.97916666666667 0 1 2
"261" 19369 8.79166666666667 8.27083333333333 71.125 7.02083333333333 0 1 0
"262" 40229 16.4166666666667 16.4166666666667 79.1458333333333 12 0 1 1
"263" 34914 10.875 10.5625 75.2291666666667 7.91666666666667 0 0 2
"264" 25224 6.39583333333333 4.20833333333333 84.75 12.6875 0 0 0
"265" 23278 2.58333333333333 1.04166666666667 74.4791666666667 6.72916666666667 0 0 3
"266" 13889 9.52083333333333 7.22916666666667 69.3125 23.3958333333333 0 0 3
"267" 36653 12.5 12.5 79.4166666666667 27.6666666666667 0 1 3
"268" 29206 15.75 15.75 81.4791666666667 22.9375 0 0 2
"269" 16360 12.4375 12.1041666666667 88.125 14.9791666666667 0 1 3
"270" 39637 17.6458333333333 17.5833333333333 64.2291666666667 10.0208333333333 0 0 1
"271" 27182 15.375 15.375 80.6875 19.875 0 1 2
"272" 21536 6.97916666666667 2.91666666666667 71.0208333333333 29.1458333333333 0 0 3
"273" 34519 15.6458333333333 14.8958333333333 60.7708333333333 17.1666666666667 0 0 0
"274" 38551 18.7708333333333 18.7708333333333 65.6666666666667 16.125 0 0 1
"275" 20893 5.10416666666667 3.79166666666667 83.1875 7.20833333333333 0 0 0
"276" 30075 12.5 12.5 78.5625 16.4791666666667 0 0 2
"277" 32420 18.0416666666667 18.0416666666667 73.6875 22 0 0 1
"278" 17571 7.04166666666667 4.35416666666667 72.875 15.75 0 1 0
"279" 37644 18.2708333333333 18.25 61 22.9166666666667 0 0 1
"280" 17450 8 5.5625 86.5833333333333 15.2708333333333 0 1 3
"281" 13126 11.0416666666667 9.70833333333333 75.75 31.0833333333333 0 1 3
"282" 25481 3.83333333333333 3.1875 69.4791666666667 4.77083333333333 0 0 3
"283" 39451 17 16.8333333333333 56.3333333333333 12.8541666666667 0 0 1
"284" 21200 2.89583333333333 -0.916666666666667 78.1041666666667 16.0208333333333 0 0 3
"285" 19736 8.41666666666667 6.66666666666667 67.8125 11.6041666666667 0 1 0
"286" 28629 14.875 14.875 81.9375 19.0833333333333 0 0 2
"287" 23308 6.33333333333333 2.64583333333333 68.25 21.375 0 0 3
"288" 18814 8.5625 5.85416666666667 69.625 23.1041666666667 0 0 0
"289" 25337 9.10416666666667 7.1875 63.2916666666667 17.5208333333333 0 0 0
"290" 32760 10.4375 9.95833333333333 75.625 9.16666666666667 0 0 2
"291" 18527 13.9166666666667 13.6458333333333 82.875 14.4375 0 1 2
"292" 34197 9.125 7.64583333333333 72.2708333333333 19.125 0 0 0
"293" 18754 14.1666666666667 14.0625 85.4791666666667 16.2916666666667 0 1 2
"294" 30643 11.75 11.375 73.9583333333333 11.0208333333333 0 0 0
"295" 31144 13.1666666666667 13.1041666666667 62.3125 19.625 0 0 0
"296" 25113 11.625 11.125 58.9166666666667 21.6875 0 1 0
"297" 30489 9.27083333333333 8.375 55.5833333333333 10.4791666666667 0 0 0
"298" 35503 13.6875 13.6875 73.3125 10.7291666666667 0 0 2
"299" 38687 17.875 17.875 57.25 18.0833333333333 0 0 1
"300" 34574 19.6458333333333 19.6458333333333 76.9166666666667 12 0 0 1
"301" 23136 10.3125 9.3125 83.3333333333333 17.1666666666667 0 0 3
"302" 26594 6.27083333333333 2.89583333333333 71.8333333333333 19.0833333333333 0 0 2
"303" 20704 9.35416666666667 7.16666666666667 80.0208333333333 25.3333333333333 0 0 0
"304" 34783 13.7291666666667 13.7291666666667 67.5208333333333 10.7291666666667 0 0 2
"305" 23881 13.5833333333333 13.5833333333333 84.7708333333333 10.875 0 0 2
"306" 38349 21.6458333333333 21.6666666666667 69.875 20.6666666666667 0 1 1
"307" 27785 14.2708333333333 14.2708333333333 84.0416666666667 3.08333333333333 0 1 2
"308" 23738 18.25 18.25 80.7291666666667 21.9791666666667 0 0 1
"309" 32526 15.1458333333333 15.1458333333333 59.875 19.9166666666667 0 1 0
"310" 22231 9.75 8.4375 74.5208333333333 21.0625 0 1 0
"311" 25991 6.875 5.72916666666667 85.0833333333333 6.58333333333333 0 0 3
"312" 31621 10.75 9.4375 57.75 18.2916666666667 0 0 0
"313" 37045 14.1666666666667 14.1041666666667 62.1875 8.97916666666667 0 0 0
"314" 34558 14.2708333333333 14.2708333333333 64.7083333333333 16.875 0 0 1
"315" 32343 11.7916666666667 11.0208333333333 69.5416666666667 14.0625 0 0 0
"316" 25082 12.1041666666667 11.75 72.0208333333333 10.1041666666667 0 1 2
"317" 29952 12.7291666666667 12.7291666666667 79.1875 7.375 0 0 2
"318" 41466 22.125 22.125 64.3333333333333 9.97916666666667 0 1 1
"319" 25275 8.29166666666667 7.08333333333333 91.4583333333333 10.5625 0 0 3
"320" 32773 10.3958333333333 9.02083333333333 71.6666666666667 13.2083333333333 0 0 0
"321" 30507 17.7083333333333 17.6458333333333 65.7291666666667 16.1458333333333 0 0 0
"322" 38505 20.4375 20.4375 62.7083333333333 19.9583333333333 0 0 1
"323" 30528 16.7708333333333 16.7708333333333 73.0416666666667 17.5 0 0 1
"324" 13199 3.39583333333333 1.91666666666667 84.3333333333333 6.97916666666667 0 1 3
"325" 42091 21.375 21.2916666666667 54.2291666666667 17.4166666666667 0 1 1
"326" 19230 9.97916666666667 9 86.4166666666667 16.7291666666667 0 0 2
"327" 22819 4.75 1.95833333333333 83.9166666666667 13.0416666666667 0 0 3
"328" 13060 12.7708333333333 12.5416666666667 74.2916666666667 20.375 0 1 3
"329" 43326 22.375 22 50.3541666666667 14.8958333333333 0 0 1
"330" 25236 10.6875 9.27083333333333 66.3958333333333 14.125 1 0 0
"331" 31962 11.7083333333333 10.8541666666667 54.375 14.6458333333333 0 0 0
"332" 40159 21.0208333333333 21 61.625 21.2083333333333 0 0 1
"333" 36226 19.1458333333333 19.1458333333333 78.9166666666667 11.2708333333333 0 0 1
"334" 31323 13.5833333333333 13.25 56.3958333333333 17.1666666666667 0 1 0
"335" 24010 11.8958333333333 11.3125 78.625 16.0416666666667 0 0 0
"336" 27796 12.2916666666667 12.0416666666667 72.5625 13.2083333333333 0 1 2
"337" 32324 12 11.9791666666667 74.6458333333333 11.2708333333333 0 0 2
"338" 27810 14.8125 14.8125 59.3958333333333 26.2708333333333 0 1 0
"339" 25730 13.1041666666667 13.1041666666667 79.0416666666667 17.1875 0 0 3
"340" 42135 22.6041666666667 22.7291666666667 66.8333333333333 9.97916666666667 0 0 2
"341" 41165 15.6041666666667 15.6041666666667 75.375 11.3541666666667 0 0 1
"342" 35882 22.1041666666667 22.1041666666667 68.9166666666667 14.5625 0 0 1
"343" 21892 2.70833333333333 -0.0208333333333333 79.4166666666667 12.4166666666667 0 0 3
"344" 24037 8.35416666666667 6.41666666666667 82.8333333333333 14.3125 0 0 0
"345" 12751 4.375 -0.375 68.0208333333333 26.25 0 1 2
"346" 35695 17.8125 17.8125 55.7708333333333 9.66666666666667 0 0 1
"347" 33138 13.9791666666667 13.9791666666667 74.1875 14.9166666666667 0 0 2
"348" 23133 9 7.82608695652174 75.695652173913 8.50724637695652 0 1 2
"349" 29441 11.0833333333333 10.9166666666667 68.0625 6.60416666666667 0 0 0
"350" 34436 14.75 14.75 70.1041666666667 16.3541666666667 0 0 2
"351" 22672 4.79166666666667 1.72916666666667 65.7916666666667 14.6458333333333 0 0 0
"352" 19704 8.97916666666667 7 70.6875 15.8333333333333 0 1 0
"353" 20741 15.8958333333333 15.8958333333333 87.9375 13.75 0 0 2
"354" 22968 8.83333333333333 5.625 66.4583333333333 31.1666666666667 0 0 3
"355" 7890 9.02083333333333 6.10416666666667 75.3541666666667 24.8958333333333 0 1 3
"356" 20762 7.35416666666667 5.08333333333333 77.9375 12.6458333333333 0 0 3
"357" 40577 20.4375 20.1041666666667 58.9166666666667 18.4166666666667 0 0 1
"358" 23462 13.4791666666667 13.4791666666667 88.5416666666667 8.39583333333333 0 0 2
"359" 29463 17.1041666666667 17.1041666666667 78.1875 7.75 0 1 2
"360" 24077 7.25 4.54166666666667 79.1458333333333 15.0833333333333 0 0 0
"361" 22057 18.0625 18.0625 80.6875 20.375 0 0 1
"362" 25226 7.54166666666667 5.83333333333333 75.4791666666667 9.85416666666667 0 0 0
"363" 32188 21.25 21.25 69.25 15.2083333333333 0 1 1
"364" 29429 14.125 13.8541666666667 64.7083333333333 9.8125 0 1 2
"365" 23606 12.7708333333333 12.6041666666667 68.125 34.9375 0 0 3
"366" 21687 5.33333333333333 2.72916666666667 81.9166666666667 14.6666666666667 0 1 0
"367" 26920 18.9565217391304 18.9565217391304 81.4565217391304 20.0434782608696 0 0 1
"368" 25000 6.95833333333333 4.14583333333333 72.375 15.2916666666667 0 0 3
"369" 27873 19.0208333333333 19.0208333333333 82.5208333333333 9.4375 0 0 2
"370" 26348 8.83333333333333 6.91666666666667 60.5 15.7291666666667 0 0 0
"371" 40236 18.2391304347826 18.195652173913 64.8260869565217 14.695652173913 0 0 1
"372" 24485 6.6875 3.27083333333333 64.6666666666667 20.2083333333333 0 0 0
"373" 25324 7.875 4.625 65.6458333333333 22.2708333333333 0 0 3
"374" 11455 8.35416666666667 5.54166666666667 70.5416666666667 22.0208333333333 1 0 3
"375" 34267 14.1458333333333 14.1458333333333 73.7916666666667 16.1041666666667 0 0 0
"376" 20918 12.0217391304348 11.4782608695652 77.5217391304348 26.0652173913043 0 0 2
"377" 36184 12.9375 12.7291666666667 63.7708333333333 15.2708333333333 0 0 0
"378" 46021 24.6458333333333 24.7291666666667 62.6041666666667 14.4583333333333 0 0 1
"379" 29714 13.125 13.125 85.4166666666667 14.3125 0 0 3
"380" 25235 14.8541666666667 14.8541666666667 78.5 13.1458333333333 0 1 1
"381" 26245 4.39583333333333 1.52083333333333 72.9583333333333 12.4583333333333 0 0 3
"382" 10662 6.3125 3.3125 82.2083333333333 16.3125 0 1 0
"383" 26020 10.5 10.1666666666667 79.6041666666667 8.3125 0 1 2
"384" 8898 11.25 9.79166666666667 81.2916666666667 23.3333333333333 0 1 2
"385" 16078 12.5 12.5 84.9791666666667 23.6041666666667 0 0 0
"386" 17238 7.41666666666667 6.45833333333333 95.9375 6.20833333333333 0 1 3
"387" 11566 3.27083333333333 1.0625 98.6875 9 0 0 3
"388" 29396 15.5833333333333 15.5833333333333 71.6875 19.9375 0 0 2
"389" 36675 16.9583333333333 16.8958333333333 58.6458333333333 8.1875 0 0 1
"390" 17218 8.66666666666667 6.72916666666667 83.6875 13.6875 0 1 3
"391" 27674 8.91666666666667 7.39583333333333 65.4583333333333 10.625 0 0 0
"392" 27339 13.4166666666667 13.2708333333333 87.7916666666667 13.3958333333333 0 0 2
"393" 18597 7.27083333333333 5.04166666666667 65.5416666666667 12.8541666666667 0 1 0
"394" 12215 3.79166666666667 0.666666666666667 80.0833333333333 14.7083333333333 0 1 0
"395" 28768 9.04166666666667 7.9375 84.1458333333333 10.8125 0 0 2
"396" 28593 18.8541666666667 18.8541666666667 86.7708333333333 17.3125 0 0 1
"397" 18754 15.375 15.375 74.5416666666667 22.3333333333333 0 1 3
"398" 38553 20.7708333333333 20.7708333333333 67.5 16.625 0 1 1
"399" 40555 20.1875 20.0416666666667 62.2708333333333 19.2916666666667 0 0 2
"400" 30534 11.5208333333333 10.4583333333333 61.1875 18.6875 0 0 0
"401" 27439 13.0833333333333 13.0208333333333 79.8333333333333 22.6875 0 0 2
"402" 8990 9.30434782608696 7.82608695652174 85.9130434782609 10.7608695652174 0 1 2
"403" 32771 12.125 12 68.75 24.1041666666667 0 0 2
"404" 26795 14.6041666666667 14.6041666666667 67.2083333333333 18.8125 1 0 0
"405" 25439 9.25 7.77083333333333 73.5833333333333 13.3541666666667 1 0 0
"406" 19420 7.04166666666667 4.14583333333333 74.8125 17.1041666666667 0 1 2
"407" 38430 16.2291666666667 16.2291666666667 59.1041666666667 14.4375 0 0 1
"408" 21764 6.9375 2.9375 66.8541666666667 25.875 0 0 3
"409" 38591 19.6458333333333 19.6458333333333 65.5416666666667 21.9166666666667 0 0 1
"410" 25448 6.6875 3.29166666666667 68.5833333333333 20.9791666666667 0 0 0
"411" 28861 10.2916666666667 9.47916666666667 85.1666666666667 9.85416666666667 0 0 3
"412" 24288 12.4166666666667 11.9791666666667 68.2916666666667 25.1041666666667 0 0 0
"413" 24586 5.83333333333333 2.47916666666667 71.4791666666667 18.1041666666667 0 0 3
"414" 28331 10.9166666666667 9.5 63.125 24.2708333333333 0 0 0
"415" 31826 15.195652173913 15.195652173913 70.9565217391304 6.97826086956522 0 1 2
"416" 19869 2.16666666666667 -1.04166666666667 85.5 11.8333333333333 0 0 3
"417" 39082 19.2291666666667 19.1666666666667 62.9583333333333 23.8333333333333 0 0 1
"418" 24864 6.20833333333333 3.95833333333333 80.0208333333333 11.2083333333333 0 0 3
"419" 34530 17.625 17.625 59.5208333333333 16.1458333333333 0 0 1
"420" 18069 5.70833333333333 2.41666666666667 79.7083333333333 16.7916666666667 0 1 2
"421" 38770 18.375 18.3541666666667 64.5625 11.0625 0 0 1
"422" 23227 3.97916666666667 2.375 73.125 7.20833333333333 0 0 3
"423" 25593 17.8541666666667 17.8541666666667 83.6666666666667 12.5416666666667 0 0 1
"424" 72504 17.7916666666667 17.5416666666667 48.9791666666667 12.9791666666667 0 0 1
"425" 15609 9.89583333333333 7.89583333333333 84.9583333333333 21.375 0 0 0
"426" 44664 24.9791666666667 25.0416666666667 59 19.0416666666667 0 0 1
"427" 36842 19.625 19.625 66.1875 23.125 0 0 1
"428" 23129 5.4375 2.625 71.3958333333333 15 0 0 0
"429" 24174 3.14583333333333 1.16666666666667 69.2708333333333 8.58333333333333 0 0 3
"430" 22186 4.47916666666667 -0.208333333333333 73.0208333333333 25.9375 0 0 3
"431" 29709 14.2916666666667 14.2916666666667 65.3333333333333 13.125 0 0 2
"432" 18451 11.3541666666667 11.0833333333333 69.0416666666667 23.1666666666667 0 0 3
"433" 34563 19.8333333333333 19.8333333333333 63.5 19.452380952381 0 0 1
"434" 30745 12.1666666666667 11.6041666666667 66.5 12.8958333333333 0 0 0
"435" 19044 8.64583333333333 7.5 83.5208333333333 8.33333333333333 0 1 2
"436" 18136 10.875 9.6875 77.5416666666667 22.6041666666667 0 0 3
"437" 28901 11.375 11.2916666666667 83.25 20.0208333333333 0 0 1
"438" 14670 13.2083333333333 13.2083333333333 79.1875 30.7916666666667 0 1 3
"439" 14881 15.7708333333333 15.7708333333333 83.6458333333333 22.8958333333333 0 1 2
"440" 24436 6.22916666666667 2.54166666666667 68.2083333333333 22.125 0 0 3
"441" 27001 19.5 19.5 68 16.8541666666667 0 1 1
"442" 38989 19.8125 19.8125 63.125 15.3333333333333 0 0 1
"443" 22317 13.4375 13.4375 71.4791666666667 11.2916666666667 0 1 2
"444" 26030 9.85416666666667 8 71.3125 18.6458333333333 0 0 0
"445" 38491 18.7083333333333 18.4583333333333 53.9583333333333 17.5833333333333 0 1 1
"446" 23115 11.5416666666667 11.375 77.8958333333333 22.4375 0 0 3
"447" 22104 12.7291666666667 12.3333333333333 74.8541666666667 32.9166666666667 0 0 3
"448" 10230 14.7291666666667 14.7291666666667 74.0833333333333 27.4166666666667 0 1 3
"449" 15815 11.675 11.2 73.075 23.375 0 1 3
"450" 23034 2.41666666666667 0.791666666666667 80 6.1875 0 0 3
"451" 25804 14.3125 14.3125 72.4583333333333 18.9375 0 0 3
"452" 20372 8.04166666666667 6.70833333333333 80.3125 8.85416666666667 0 0 3
"453" 25194 14.1458333333333 14.1458333333333 75.1458333333333 18.3958333333333 0 1 0
"454" 21762 7.60416666666667 5.39583333333333 64.5416666666667 13.6875 0 1 0
"455" 33420 14.5625 14.5625 74.7708333333333 13.5 0 0 2
"456" 24371 17.9375 17.9375 70.0833333333333 26.2291666666667 0 1 1
"457" 25830 8.08333333333333 5.54166666666667 78.7083333333333 18.0416666666667 0 0 2
"458" 33673 11.9583333333333 11.7083333333333 69.9583333333333 18.625 0 0 2
"459" 22682 9.0625 7.125 66.3541666666667 14.8125 0 0 0
"460" 38076 21.6458333333333 21.6458333333333 64.6875 24.4375 0 1 1
"461" 38262 22.2916666666667 22.2916666666667 64.5625 15.2083333333333 0 0 1
"462" 37221 17.4583333333333 17.4583333333333 71.9375 15.5208333333333 0 0 1
"463" 27562 9.58333333333333 8.45833333333333 73.8958333333333 18.2708333333333 0 0 3
"464" 23430 12.2708333333333 11.7083333333333 73.75 20.75 0 0 3
"465" 32820 15.2708333333333 15.2291666666667 51.1875 23.7916666666667 0 1 1
"466" 31762 12.5625 12.3541666666667 58.9166666666667 7.02083333333333 0 0 0
"467" 25892 16.6458333333333 16.6458333333333 87.2291666666667 12.4166666666667 0 0 2
"468" 26000 8.9375 6.9375 76.6666666666667 16.1666666666667 0 0 2
"469" 30298 17.4583333333333 17.4583333333333 77.3541666666667 18.3333333333333 0 1 1
"470" 23559 5.5 4.3695652173913 79.6086956521739 6.47826086956522 0 0 3
"471" 28033 10.5 10.0416666666667 95 9.16666666666667 0 0 2
"472" 17594 15.5208333333333 15.5208333333333 72.4791666666667 34.0625 0 1 2
"473" 28628 18.1666666666667 18.1666666666667 73.5 7.0625 0 1 1
"474" 33739 17.5833333333333 17.5833333333333 63.2916666666667 13.5 0 1 1
"475" 40664 25.4791666666667 25.5625 60.1041666666667 6.8125 0 0 1
"476" 35674 15.9791666666667 15.9791666666667 67 20.2291666666667 0 0 0
"477" 30760 13.875 13.75 76.9166666666667 14.25 0 1 0
"478" 28152 16.2083333333333 16.2083333333333 79.3333333333333 20.1041666666667 0 0 1
"479" 21640 1.25 -2.39583333333333 64.8541666666667 12.625 0 0 3
"480" 23908 5.04166666666667 2.72916666666667 74.9583333333333 11.1458333333333 0 0 2
"481" 16091 3.10416666666667 0.5625 75.625 9.5625 0 1 3
"482" 34809 14.9166666666667 14.9166666666667 60.0625 14.6041666666667 0 0 0
"483" 22618 18.2916666666667 18.2708333333333 72.7291666666667 7.77083333333333 0 1 1
"484" 13697 4.4375 1.0625 72.875 15.9791666666667 0 1 3
"485" 16198 4.8125 1.625 76.3333333333333 16.2083333333333 0 1 3
"486" 22799 6.1875 1.83333333333333 77.9583333333333 27.8125 0 0 3
"487" 20463 9.04166666666667 7.1875 73.2708333333333 16.9166666666667 0 0 3
"488" 32436 14.3958333333333 14.3958333333333 84.9583333333333 12.2291666666667 0 0 2
"489" 42779 20.8333333333333 20.3333333333333 47.2291666666667 12.8541666666667 0 0 1
"490" 27814 7.33333333333333 5.66666666666667 74.2708333333333 9.47916666666667 0 0 2
"491" 40267 18.1041666666667 18.0416666666667 70.25 9.35416666666667 0 0 2
"492" 30273 12.875 12.875 65.5 7.52083333333333 0 0 2
"493" 18083 7.95833333333333 4.60416666666667 76.0625 24.2291666666667 0 0 3
"494" 32102 13.0208333333333 12.6875 68.6458333333333 14.1666666666667 0 0 0
"495" 23418 8.29166666666667 6.375 67.0833333333333 20.375 0 1 0
"496" 14998 13.8541666666667 13.8541666666667 72.875 22.3333333333333 0 1 0
"497" 23517 5.27083333333333 2.5625 71.9583333333333 13.2083333333333 0 0 3
"498" 32992 11.8333333333333 11.8333333333333 79.0625 5.1875 0 0 2
"499" 21461 8.29166666666667 6.41666666666667 80.1041666666667 12.6041666666667 0 0 3
"500" 14832 12.3125 12.0625 89.1875 15.1041666666667 0 1 3
